9;7,2,1;0.7;
9;7,2,1;5,2,2;0.7;
9;7,2,1;5,2,2;4,4,1;0.7;
9;7,2,1;5,2,2;4,4,1;3,3,2;0.7;
9;7,2,1;5,2,2;4,4,1;3,3,2;7,1,1;0.7;
9;7,2,1;5,2,2;4,4,1;3,3,2;7,1,1;5,1,2;0.7;
9;7,2,1;5,2,2;4,4,1;3,3,2;7,1,1;5,1,2;1,4,1;0.7;
9;7,2,1;5,2,2;4,4,1;3,3,2;7,1,1;5,1,2;1,4,1;1,3,2;0.7;
9;7,2,1;5,2,2;4,4,1;3,3,2;7,1,1;5,1,2;1,4,1;1,3,2;7,0,1;0.7;
9;7,2,1;5,2,2;4,4,1;3,3,2;7,1,1;5,1,2;1,4,1;1,3,2;7,0,1;5,0,2;0.7;
9;7,2,1;5,2,2;4,4,1;3,3,2;7,1,1;5,1,2;1,4,1;1,3,2;7,0,1;5,0,2;2,4,1;0.7;
9;7,2,1;5,2,2;4,4,1;3,3,2;7,1,1;5,1,2;1,4,1;1,3,2;7,0,1;5,0,2;2,4,1;5,3,2;6,3,1;0.7;
9;7,2,1;0.7;
9;7,2,1;5,3,2;0.7;
9;7,2,1;5,3,2;5,2,1;0.7;
9;7,2,1;5,3,2;5,2,1;8,3,2;6,3,1;5,4,2;6,4,1;7,3,2;7,4,1;8,2,2;0.7;
9;7,2,1;5,3,2;5,2,1;8,3,2;6,3,1;5,4,2;6,4,1;7,3,2;7,4,1;8,2,2;6,2,1;5,5,2;0.7;
9;7,2,1;5,3,2;5,2,1;8,3,2;6,3,1;5,4,2;6,4,1;7,3,2;7,4,1;8,2,2;6,2,1;5,5,2;9,1,1;0.7;
9;7,2,1;5,3,2;5,2,1;8,3,2;6,3,1;5,4,2;6,4,1;7,3,2;7,4,1;8,2,2;6,2,1;5,5,2;9,1,1;9,2,2;-1;
9;7,2,1;5,3,2;5,2,1;8,3,2;6,3,1;5,4,2;6,4,1;7,3,2;7,4,1;8,2,2;6,2,1;5,5,2;9,1,1;9,2,2;9,3,1;0.85;
9;7,2,1;5,3,2;5,2,1;8,3,2;6,3,1;5,4,2;6,4,1;7,3,2;7,4,1;8,2,2;6,2,1;5,5,2;9,1,1;9,2,2;9,3,1;10,2,2;-0.96;
9;7,2,1;5,3,2;5,2,1;8,3,2;6,3,1;5,4,2;6,4,1;7,3,2;7,4,1;8,2,2;6,2,1;5,5,2;9,1,1;9,2,2;9,3,1;10,2,2;11,2,1;0.74;
9;7,2,1;5,3,2;5,2,1;8,3,2;6,3,1;5,4,2;6,4,1;7,3,2;7,4,1;8,2,2;6,2,1;5,5,2;9,1,1;9,2,2;9,3,1;10,2,2;11,2,1;11,1,2;-0.95;
9;7,2,1;5,3,2;5,2,1;8,3,2;6,3,1;5,4,2;6,4,1;7,3,2;7,4,1;8,2,2;6,2,1;5,5,2;9,1,1;9,2,2;9,3,1;10,2,2;11,2,1;11,1,2;12,1,1;0.79;
9;7,2,1;5,3,2;5,2,1;8,3,2;6,3,1;5,4,2;6,4,1;7,3,2;7,4,1;8,2,2;6,2,1;5,5,2;9,1,1;9,2,2;9,3,1;10,2,2;11,2,1;11,1,2;12,1,1;10,1,2;-0.78;
9;7,2,1;5,3,2;5,2,1;8,3,2;6,3,1;5,4,2;6,4,1;7,3,2;7,4,1;8,2,2;6,2,1;5,5,2;9,1,1;9,2,2;9,3,1;10,2,2;11,2,1;11,1,2;12,1,1;10,1,2;11,0,1;0.9;
9;7,2,1;5,3,2;5,2,1;8,3,2;6,3,1;5,4,2;6,4,1;7,3,2;7,4,1;8,2,2;6,2,1;5,5,2;9,1,1;10,2,2;0.65;
9;7,2,1;5,3,2;5,2,1;8,3,2;6,3,1;5,4,2;6,4,1;7,3,2;7,4,1;8,2,2;6,2,1;5,5,2;9,1,1;10,2,2;3,4,1;0.65;
9;7,2,1;5,3,2;5,2,1;8,3,2;6,3,1;5,4,2;6,4,1;7,3,2;7,4,1;8,2,2;6,2,1;5,5,2;9,1,1;10,2,2;3,4,1;4,4,2;4,3,1;4,5,2;3,5,1;2,6,2;2,5,1;2,4,2;1,5,1;1,4,2;1,6,1;3,6,2;3,3,1;1,7,2;1,3,1;0,7,2;0,4,1;0,6,2;0,5,1;1,6,2;9,2,1;9,3,2;11,1,1;8,2,2;11,2,1;9,2,2;13,1,1;4,6,2;12,2,1;6,5,2;10,3,1;8,4,2;8,1,1;0.65;
9;4,2,1;0.7;
9;4,2,1;8,2,2;0.7;
9;4,2,1;8,2,2;4,4,1;0.7;
9;4,2,1;8,2,2;4,4,1;6,1,2;0.7;
9;4,2,1;8,2,2;4,4,1;6,1,2;8,3,1;0.7;
9;4,2,1;8,2,2;4,4,1;6,1,2;8,3,1;3,1,2;11,1,1;2,3,2;8,1,1;2,5,2;1,4,1;4,5,2;1,5,1;1,6,2;6,4,1;6,2,2;5,5,1;4,3,2;7,0,1;5,0,2;1,3,1;1,2,2;9,1,1;7,1,2;9,2,1;7,2,2;2,4,1;0,3,2;3,3,1;0.65;
9;4,2,1;8,2,2;4,4,1;6,1,2;8,3,1;3,1,2;11,1,1;2,3,2;8,1,1;2,5,2;1,4,1;4,5,2;1,5,1;1,6,2;6,4,1;6,2,2;5,5,1;4,3,2;7,0,1;5,0,2;1,3,1;1,2,2;9,1,1;7,1,2;9,2,1;7,2,2;2,4,1;0,3,2;-0.82;
9;4,2,1;8,2,2;4,4,1;6,1,2;8,3,1;3,1,2;11,1,1;2,3,2;8,1,1;2,5,2;1,4,1;4,5,2;1,5,1;1,6,2;6,4,1;6,2,2;5,5,1;4,3,2;7,0,1;5,0,2;1,3,1;1,2,2;9,1,1;7,1,2;9,2,1;7,2,2;2,4,1;3,3,2;5,3,1;6,0,2;6,3,1;8,0,2;9,0,1;0.58;
9;4,2,1;8,2,2;4,4,1;6,1,2;8,3,1;3,1,2;11,1,1;2,3,2;8,1,1;2,5,2;1,4,1;4,5,2;1,5,1;1,6,2;6,4,1;6,2,2;5,5,1;4,3,2;7,0,1;5,0,2;1,3,1;1,2,2;9,1,1;7,1,2;9,2,1;7,2,2;2,4,1;3,3,2;5,3,1;6,0,2;6,3,1;8,0,2;9,0,1;0,3,2;0,4,1;0,6,2;7,0,1;0,5,2;3,4,1;3,6,2;1,7,1;3,5,2;1,5,1;4,6,2;0.58;
9;4,2,1;8,2,2;4,4,1;6,1,2;8,3,1;3,1,2;11,1,1;2,3,2;8,1,1;2,5,2;1,4,1;4,5,2;1,5,1;1,6,2;6,4,1;6,2,2;5,5,1;4,3,2;7,0,1;5,0,2;1,3,1;1,2,2;9,1,1;7,1,2;9,2,1;7,2,2;2,4,1;3,3,2;5,3,1;6,0,2;6,3,1;8,0,2;9,0,1;0,3,2;0,4,1;0,6,2;3,4,1;3,6,2;1,7,1;4,6,2;3,5,1;6,5,2;7,0,1;0.67;
